{
 "cells": [
  {
   "cell_type": "code",
   "execution_count": 1,
   "id": "5ff1f598",
   "metadata": {},
   "outputs": [
    {
     "name": "stdout",
     "output_type": "stream",
     "text": [
      "MODELS_PROJECT_ROOT: /home/tuoping/odefed_mdgen/odefed_mdgen/mdgen\n"
     ]
    }
   ],
   "source": [
    "from mdgen.model.gemnet.gemnet import GemNetT\n"
   ]
  },
  {
   "cell_type": "code",
   "execution_count": 2,
   "id": "09f1fd1d",
   "metadata": {},
   "outputs": [],
   "source": [
    "from mdgen.model.gemnet.layers.embedding_block import AtomEmbedding"
   ]
  },
  {
   "cell_type": "code",
   "execution_count": 3,
   "id": "3291d162",
   "metadata": {},
   "outputs": [],
   "source": [
    "device = \"cuda:0\"\n",
    "def get_model(**kwargs) -> GemNetT:\n",
    "    return GemNetT(\n",
    "        atom_embedding=AtomEmbedding(emb_size=4),\n",
    "        num_targets=1,\n",
    "        latent_dim=4,\n",
    "        num_radial=4,\n",
    "        num_blocks=1,\n",
    "        emb_size_atom=4,\n",
    "        emb_size_edge=4,\n",
    "        emb_size_trip=4,\n",
    "        emb_size_bil_trip=4,\n",
    "        otf_graph=True,\n",
    "        scale_file=f\"mdgen/model/gemnet/gemnet-dT.json\",\n",
    "        **kwargs,\n",
    "    ).to(device)"
   ]
  },
  {
   "cell_type": "code",
   "execution_count": 4,
   "id": "cca482c7",
   "metadata": {},
   "outputs": [],
   "source": [
    "model = get_model(\n",
    "    max_neighbors=20,\n",
    "    cutoff=7.0,\n",
    "    # regress stress in a non-conservative way\n",
    "    regress_stress=True,\n",
    "    max_cell_images_per_dim=20,\n",
    ")"
   ]
  },
  {
   "cell_type": "code",
   "execution_count": 5,
   "id": "5473be1d",
   "metadata": {},
   "outputs": [
    {
     "data": {
      "text/plain": [
       "GemNetT(\n",
       "  (angle_edge_emb): Sequential(\n",
       "    (0): Linear(in_features=7, out_features=4, bias=True)\n",
       "    (1): ReLU()\n",
       "    (2): Linear(in_features=4, out_features=4, bias=True)\n",
       "  )\n",
       "  (radial_basis): RadialBasis(\n",
       "    (envelope): PolynomialEnvelope()\n",
       "    (rbf): GaussianSmearing()\n",
       "  )\n",
       "  (cbf_basis3): CircularBasisLayer(\n",
       "    (radial_basis): RadialBasis(\n",
       "      (envelope): PolynomialEnvelope()\n",
       "      (rbf): GaussianSmearing()\n",
       "    )\n",
       "  )\n",
       "  (lattice_out_blocks): ModuleList(\n",
       "    (0-1): 2 x RBFBasedLatticeUpdateBlockFrac(\n",
       "      (mlp): Sequential(\n",
       "        (0): Dense(\n",
       "          (linear): Linear(in_features=4, out_features=4, bias=False)\n",
       "          (_activation): ScaledSiLU(\n",
       "            (_activation): SiLU()\n",
       "          )\n",
       "        )\n",
       "        (1): Dense(\n",
       "          (linear): Linear(in_features=4, out_features=4, bias=False)\n",
       "          (_activation): Identity()\n",
       "        )\n",
       "      )\n",
       "      (dense_rbf_F): Dense(\n",
       "        (linear): Linear(in_features=16, out_features=4, bias=False)\n",
       "        (_activation): Identity()\n",
       "      )\n",
       "      (out_forces): Dense(\n",
       "        (linear): Linear(in_features=4, out_features=1, bias=False)\n",
       "        (_activation): Identity()\n",
       "      )\n",
       "    )\n",
       "  )\n",
       "  (mlp_rbf_lattice): Dense(\n",
       "    (linear): Linear(in_features=4, out_features=16, bias=False)\n",
       "    (_activation): Identity()\n",
       "  )\n",
       "  (mlp_rbf3): Dense(\n",
       "    (linear): Linear(in_features=4, out_features=16, bias=False)\n",
       "    (_activation): Identity()\n",
       "  )\n",
       "  (mlp_cbf3): EfficientInteractionDownProjection()\n",
       "  (mlp_rbf_h): Dense(\n",
       "    (linear): Linear(in_features=4, out_features=16, bias=False)\n",
       "    (_activation): Identity()\n",
       "  )\n",
       "  (mlp_rbf_out): Dense(\n",
       "    (linear): Linear(in_features=4, out_features=16, bias=False)\n",
       "    (_activation): Identity()\n",
       "  )\n",
       "  (atom_emb): AtomEmbedding(\n",
       "    (embeddings): Embedding(100, 4)\n",
       "  )\n",
       "  (atom_latent_emb): Linear(in_features=8, out_features=4, bias=True)\n",
       "  (edge_emb): EdgeEmbedding(\n",
       "    (dense): Dense(\n",
       "      (linear): Linear(in_features=12, out_features=4, bias=False)\n",
       "      (_activation): ScaledSiLU(\n",
       "        (_activation): SiLU()\n",
       "      )\n",
       "    )\n",
       "  )\n",
       "  (out_blocks): ModuleList(\n",
       "    (0-1): 2 x OutputBlock(\n",
       "      (dense_rbf): Dense(\n",
       "        (linear): Linear(in_features=16, out_features=4, bias=False)\n",
       "        (_activation): Identity()\n",
       "      )\n",
       "      (scale_sum): ScalingFactor()\n",
       "      (layers): ModuleList(\n",
       "        (0): Dense(\n",
       "          (linear): Linear(in_features=4, out_features=4, bias=False)\n",
       "          (_activation): ScaledSiLU(\n",
       "            (_activation): SiLU()\n",
       "          )\n",
       "        )\n",
       "        (1-3): 3 x ResidualLayer(\n",
       "          (dense_mlp): Sequential(\n",
       "            (0): Dense(\n",
       "              (linear): Linear(in_features=4, out_features=4, bias=False)\n",
       "              (_activation): ScaledSiLU(\n",
       "                (_activation): SiLU()\n",
       "              )\n",
       "            )\n",
       "            (1): Dense(\n",
       "              (linear): Linear(in_features=4, out_features=4, bias=False)\n",
       "              (_activation): ScaledSiLU(\n",
       "                (_activation): SiLU()\n",
       "              )\n",
       "            )\n",
       "          )\n",
       "        )\n",
       "      )\n",
       "      (seq_energy): ModuleList(\n",
       "        (0): Dense(\n",
       "          (linear): Linear(in_features=4, out_features=4, bias=False)\n",
       "          (_activation): ScaledSiLU(\n",
       "            (_activation): SiLU()\n",
       "          )\n",
       "        )\n",
       "        (1-3): 3 x ResidualLayer(\n",
       "          (dense_mlp): Sequential(\n",
       "            (0): Dense(\n",
       "              (linear): Linear(in_features=4, out_features=4, bias=False)\n",
       "              (_activation): ScaledSiLU(\n",
       "                (_activation): SiLU()\n",
       "              )\n",
       "            )\n",
       "            (1): Dense(\n",
       "              (linear): Linear(in_features=4, out_features=4, bias=False)\n",
       "              (_activation): ScaledSiLU(\n",
       "                (_activation): SiLU()\n",
       "              )\n",
       "            )\n",
       "          )\n",
       "        )\n",
       "      )\n",
       "      (out_energy): Dense(\n",
       "        (linear): Linear(in_features=4, out_features=1, bias=False)\n",
       "        (_activation): Identity()\n",
       "      )\n",
       "      (scale_rbf_F): ScalingFactor()\n",
       "      (seq_forces): ModuleList(\n",
       "        (0): Dense(\n",
       "          (linear): Linear(in_features=4, out_features=4, bias=False)\n",
       "          (_activation): ScaledSiLU(\n",
       "            (_activation): SiLU()\n",
       "          )\n",
       "        )\n",
       "        (1-3): 3 x ResidualLayer(\n",
       "          (dense_mlp): Sequential(\n",
       "            (0): Dense(\n",
       "              (linear): Linear(in_features=4, out_features=4, bias=False)\n",
       "              (_activation): ScaledSiLU(\n",
       "                (_activation): SiLU()\n",
       "              )\n",
       "            )\n",
       "            (1): Dense(\n",
       "              (linear): Linear(in_features=4, out_features=4, bias=False)\n",
       "              (_activation): ScaledSiLU(\n",
       "                (_activation): SiLU()\n",
       "              )\n",
       "            )\n",
       "          )\n",
       "        )\n",
       "      )\n",
       "      (out_forces): Dense(\n",
       "        (linear): Linear(in_features=4, out_features=1, bias=False)\n",
       "        (_activation): Identity()\n",
       "      )\n",
       "      (dense_rbf_F): Dense(\n",
       "        (linear): Linear(in_features=16, out_features=4, bias=False)\n",
       "        (_activation): Identity()\n",
       "      )\n",
       "    )\n",
       "  )\n",
       "  (int_blocks): ModuleList(\n",
       "    (0): InteractionBlockTripletsOnly(\n",
       "      (dense_ca): Dense(\n",
       "        (linear): Linear(in_features=4, out_features=4, bias=False)\n",
       "        (_activation): ScaledSiLU(\n",
       "          (_activation): SiLU()\n",
       "        )\n",
       "      )\n",
       "      (trip_interaction): TripletInteraction(\n",
       "        (dense_ba): Dense(\n",
       "          (linear): Linear(in_features=4, out_features=4, bias=False)\n",
       "          (_activation): ScaledSiLU(\n",
       "            (_activation): SiLU()\n",
       "          )\n",
       "        )\n",
       "        (mlp_rbf): Dense(\n",
       "          (linear): Linear(in_features=16, out_features=4, bias=False)\n",
       "          (_activation): Identity()\n",
       "        )\n",
       "        (scale_rbf): ScalingFactor()\n",
       "        (mlp_cbf): EfficientInteractionBilinear()\n",
       "        (scale_cbf_sum): ScalingFactor()\n",
       "        (down_projection): Dense(\n",
       "          (linear): Linear(in_features=4, out_features=4, bias=False)\n",
       "          (_activation): ScaledSiLU(\n",
       "            (_activation): SiLU()\n",
       "          )\n",
       "        )\n",
       "        (up_projection_ca): Dense(\n",
       "          (linear): Linear(in_features=4, out_features=4, bias=False)\n",
       "          (_activation): ScaledSiLU(\n",
       "            (_activation): SiLU()\n",
       "          )\n",
       "        )\n",
       "        (up_projection_ac): Dense(\n",
       "          (linear): Linear(in_features=4, out_features=4, bias=False)\n",
       "          (_activation): ScaledSiLU(\n",
       "            (_activation): SiLU()\n",
       "          )\n",
       "        )\n",
       "      )\n",
       "      (layers_before_skip): ModuleList(\n",
       "        (0): ResidualLayer(\n",
       "          (dense_mlp): Sequential(\n",
       "            (0): Dense(\n",
       "              (linear): Linear(in_features=4, out_features=4, bias=False)\n",
       "              (_activation): ScaledSiLU(\n",
       "                (_activation): SiLU()\n",
       "              )\n",
       "            )\n",
       "            (1): Dense(\n",
       "              (linear): Linear(in_features=4, out_features=4, bias=False)\n",
       "              (_activation): ScaledSiLU(\n",
       "                (_activation): SiLU()\n",
       "              )\n",
       "            )\n",
       "          )\n",
       "        )\n",
       "      )\n",
       "      (layers_after_skip): ModuleList(\n",
       "        (0-1): 2 x ResidualLayer(\n",
       "          (dense_mlp): Sequential(\n",
       "            (0): Dense(\n",
       "              (linear): Linear(in_features=4, out_features=4, bias=False)\n",
       "              (_activation): ScaledSiLU(\n",
       "                (_activation): SiLU()\n",
       "              )\n",
       "            )\n",
       "            (1): Dense(\n",
       "              (linear): Linear(in_features=4, out_features=4, bias=False)\n",
       "              (_activation): ScaledSiLU(\n",
       "                (_activation): SiLU()\n",
       "              )\n",
       "            )\n",
       "          )\n",
       "        )\n",
       "      )\n",
       "      (atom_update): AtomUpdateBlock(\n",
       "        (dense_rbf): Dense(\n",
       "          (linear): Linear(in_features=16, out_features=4, bias=False)\n",
       "          (_activation): Identity()\n",
       "        )\n",
       "        (scale_sum): ScalingFactor()\n",
       "        (layers): ModuleList(\n",
       "          (0): Dense(\n",
       "            (linear): Linear(in_features=4, out_features=4, bias=False)\n",
       "            (_activation): ScaledSiLU(\n",
       "              (_activation): SiLU()\n",
       "            )\n",
       "          )\n",
       "          (1-3): 3 x ResidualLayer(\n",
       "            (dense_mlp): Sequential(\n",
       "              (0): Dense(\n",
       "                (linear): Linear(in_features=4, out_features=4, bias=False)\n",
       "                (_activation): ScaledSiLU(\n",
       "                  (_activation): SiLU()\n",
       "                )\n",
       "              )\n",
       "              (1): Dense(\n",
       "                (linear): Linear(in_features=4, out_features=4, bias=False)\n",
       "                (_activation): ScaledSiLU(\n",
       "                  (_activation): SiLU()\n",
       "                )\n",
       "              )\n",
       "            )\n",
       "          )\n",
       "        )\n",
       "      )\n",
       "      (concat_layer): EdgeEmbedding(\n",
       "        (dense): Dense(\n",
       "          (linear): Linear(in_features=12, out_features=4, bias=False)\n",
       "          (_activation): ScaledSiLU(\n",
       "            (_activation): SiLU()\n",
       "          )\n",
       "        )\n",
       "      )\n",
       "      (residual_m): ModuleList(\n",
       "        (0): ResidualLayer(\n",
       "          (dense_mlp): Sequential(\n",
       "            (0): Dense(\n",
       "              (linear): Linear(in_features=4, out_features=4, bias=False)\n",
       "              (_activation): ScaledSiLU(\n",
       "                (_activation): SiLU()\n",
       "              )\n",
       "            )\n",
       "            (1): Dense(\n",
       "              (linear): Linear(in_features=4, out_features=4, bias=False)\n",
       "              (_activation): ScaledSiLU(\n",
       "                (_activation): SiLU()\n",
       "              )\n",
       "            )\n",
       "          )\n",
       "        )\n",
       "      )\n",
       "    )\n",
       "  )\n",
       ")"
      ]
     },
     "execution_count": 5,
     "metadata": {},
     "output_type": "execute_result"
    }
   ],
   "source": [
    "model.eval()"
   ]
  },
  {
   "cell_type": "code",
   "execution_count": 6,
   "id": "36161cba",
   "metadata": {},
   "outputs": [],
   "source": [
    "from mdgen.model.tests.testutils import get_mp_20_debug_batch"
   ]
  },
  {
   "cell_type": "code",
   "execution_count": 7,
   "id": "2887718d",
   "metadata": {},
   "outputs": [],
   "source": [
    "\n",
    "batch = get_mp_20_debug_batch().to(device)"
   ]
  },
  {
   "cell_type": "code",
   "execution_count": 8,
   "id": "c04d19e0",
   "metadata": {},
   "outputs": [
    {
     "name": "stdout",
     "output_type": "stream",
     "text": [
      "cuda:0 cuda:0 cuda:0 cuda:0 cuda:0 cuda:0 cuda:0 cuda:0 cuda:0\n"
     ]
    }
   ],
   "source": [
    "import torch\n",
    "with torch.no_grad():\n",
    "    model_out = model.forward(\n",
    "        None,\n",
    "        batch.frac_coords,\n",
    "        batch.atom_types,\n",
    "        batch.num_atoms,\n",
    "        batch.batch,\n",
    "        batch.lengths,\n",
    "        batch.angles,\n",
    "    )"
   ]
  },
  {
   "cell_type": "code",
   "execution_count": 9,
   "id": "22df4ad4",
   "metadata": {},
   "outputs": [],
   "source": [
    "# for mypy\n",
    "assert model_out.stress is not None\n",
    "assert torch.allclose(model_out.stress, model_out.stress.transpose(1, 2), atol=1e-5)"
   ]
  },
  {
   "cell_type": "code",
   "execution_count": 10,
   "id": "369a3a3e",
   "metadata": {},
   "outputs": [
    {
     "name": "stdout",
     "output_type": "stream",
     "text": [
      "ModelOutput(energy=tensor([[ 7.3401],\n",
      "        [19.4495],\n",
      "        [12.7095],\n",
      "        [ 1.6860],\n",
      "        [ 5.2052],\n",
      "        [23.3484],\n",
      "        [ 7.0529],\n",
      "        [17.4456],\n",
      "        [11.0498],\n",
      "        [13.5993],\n",
      "        [14.6290],\n",
      "        [ 3.7225],\n",
      "        [ 8.2983],\n",
      "        [ 7.4768],\n",
      "        [29.1272],\n",
      "        [ 4.2671],\n",
      "        [ 7.3273],\n",
      "        [12.6814],\n",
      "        [21.7417],\n",
      "        [14.6777],\n",
      "        [ 9.4412],\n",
      "        [ 1.2599],\n",
      "        [19.9703],\n",
      "        [10.7226],\n",
      "        [ 5.4895],\n",
      "        [ 5.3953],\n",
      "        [23.3612],\n",
      "        [ 1.3512],\n",
      "        [ 8.2811],\n",
      "        [30.0697],\n",
      "        [35.4383],\n",
      "        [ 9.7728],\n",
      "        [29.9570],\n",
      "        [11.9289],\n",
      "        [ 8.0838],\n",
      "        [ 8.6024],\n",
      "        [ 3.8489],\n",
      "        [ 3.3731],\n",
      "        [17.0748],\n",
      "        [ 6.0037],\n",
      "        [ 0.0480],\n",
      "        [14.7376],\n",
      "        [ 5.1421],\n",
      "        [20.8301],\n",
      "        [ 6.3134],\n",
      "        [12.9787],\n",
      "        [12.0138],\n",
      "        [39.5103],\n",
      "        [ 5.8957],\n",
      "        [ 6.1863],\n",
      "        [17.3277],\n",
      "        [19.9905],\n",
      "        [13.9224],\n",
      "        [21.0165],\n",
      "        [26.0278],\n",
      "        [15.5853],\n",
      "        [ 7.3140],\n",
      "        [ 4.6068],\n",
      "        [26.3461],\n",
      "        [ 8.2069],\n",
      "        [ 3.9830],\n",
      "        [10.8436],\n",
      "        [ 2.8273],\n",
      "        [11.5436]], device='cuda:0'), node_embeddings=tensor([[2.9949, 1.1691, 4.3455, 4.4021],\n",
      "        [2.9769, 1.1581, 4.3099, 4.3539],\n",
      "        [2.9599, 1.1477, 4.2763, 4.3081],\n",
      "        ...,\n",
      "        [2.2516, 1.7680, 5.1843, 6.8244],\n",
      "        [2.1218, 1.6947, 4.9233, 6.4781],\n",
      "        [2.0780, 1.6702, 4.8433, 6.3785]], device='cuda:0'), forces=tensor([[ 0.1533, -0.3755,  0.1054],\n",
      "        [ 0.1438, -0.2434,  0.1285],\n",
      "        [ 0.1590, -0.3616,  0.1412],\n",
      "        ...,\n",
      "        [-1.0342, -1.3175,  0.7703],\n",
      "        [-0.5835, -0.6496,  0.1441],\n",
      "        [ 0.4321, -1.2044,  0.1987]], device='cuda:0'), stress=tensor([[[ 5.4030e-03,  4.9560e-06, -6.2320e-05],\n",
      "         [ 4.9560e-06,  6.5859e-03, -1.7923e-04],\n",
      "         [-6.2320e-05, -1.7923e-04,  6.7614e-03]],\n",
      "\n",
      "        [[ 1.4229e-02, -1.5248e-04, -1.8297e-04],\n",
      "         [-1.5248e-04,  1.5037e-02, -4.5133e-05],\n",
      "         [-1.8297e-04, -4.5133e-05,  1.4811e-02]],\n",
      "\n",
      "        [[ 3.0337e-02, -8.7133e-05, -2.9086e-04],\n",
      "         [-8.7133e-05,  2.9308e-02, -3.7241e-04],\n",
      "         [-2.9086e-04, -3.7241e-04,  3.1527e-02]],\n",
      "\n",
      "        [[ 3.7915e-03, -3.5450e-05,  7.4374e-05],\n",
      "         [-3.5450e-05,  3.7523e-03, -9.7736e-05],\n",
      "         [ 7.4374e-05, -9.7736e-05, -4.2714e-04]],\n",
      "\n",
      "        [[ 2.0127e-03,  6.8415e-05,  2.0023e-04],\n",
      "         [ 6.8415e-05,  1.9689e-03,  2.3395e-04],\n",
      "         [ 2.0023e-04,  2.3395e-04,  2.3543e-03]],\n",
      "\n",
      "        [[ 1.0068e-02, -5.9666e-06, -1.2549e-04],\n",
      "         [-5.9666e-06,  1.0295e-02,  5.0769e-05],\n",
      "         [-1.2549e-04,  5.0769e-05,  1.0407e-02]],\n",
      "\n",
      "        [[ 6.4727e-03,  1.7755e-04,  1.8196e-04],\n",
      "         [ 1.7755e-04,  6.5763e-03,  1.9562e-04],\n",
      "         [ 1.8196e-04,  1.9562e-04,  5.9185e-03]],\n",
      "\n",
      "        [[ 3.3517e-02,  8.5793e-05, -2.7775e-04],\n",
      "         [ 8.5793e-05,  3.2964e-02, -2.7115e-05],\n",
      "         [-2.7775e-04, -2.7115e-05,  3.2417e-02]],\n",
      "\n",
      "        [[ 7.5986e-03,  4.4520e-05, -1.3293e-04],\n",
      "         [ 4.4520e-05,  8.6885e-03, -2.0256e-05],\n",
      "         [-1.3293e-04, -2.0256e-05,  8.9676e-03]],\n",
      "\n",
      "        [[ 3.7002e-03, -2.7141e-05, -3.0775e-05],\n",
      "         [-2.7141e-05,  3.6836e-03,  5.5265e-05],\n",
      "         [-3.0775e-05,  5.5265e-05,  3.7504e-03]],\n",
      "\n",
      "        [[ 1.7227e-02,  1.4025e-04, -4.0995e-04],\n",
      "         [ 1.4025e-04,  1.7239e-02, -4.0288e-04],\n",
      "         [-4.0995e-04, -4.0288e-04,  1.8268e-02]],\n",
      "\n",
      "        [[ 4.4092e-03,  5.5097e-05,  1.1027e-04],\n",
      "         [ 5.5097e-05,  5.2084e-03,  3.6590e-04],\n",
      "         [ 1.1027e-04,  3.6590e-04,  7.9612e-03]],\n",
      "\n",
      "        [[ 1.6513e-02,  1.1988e-04,  3.5976e-04],\n",
      "         [ 1.1988e-04,  1.6458e-02,  3.0428e-04],\n",
      "         [ 3.5976e-04,  3.0428e-04,  1.7061e-02]],\n",
      "\n",
      "        [[ 1.3172e-02, -3.3915e-04, -3.4379e-04],\n",
      "         [-3.3915e-04,  1.2266e-02, -1.0540e-03],\n",
      "         [-3.4379e-04, -1.0540e-03,  1.1253e-02]],\n",
      "\n",
      "        [[ 1.0157e-02,  7.3878e-05,  1.1340e-04],\n",
      "         [ 7.3878e-05,  1.0101e-02, -1.3968e-04],\n",
      "         [ 1.1340e-04, -1.3968e-04,  1.0042e-02]],\n",
      "\n",
      "        [[ 1.1412e-02,  3.0583e-04,  5.5493e-04],\n",
      "         [ 3.0583e-04,  1.1164e-02,  2.2108e-04],\n",
      "         [ 5.5493e-04,  2.2108e-04,  1.2038e-02]],\n",
      "\n",
      "        [[ 4.0328e-03, -4.5051e-05, -1.0511e-05],\n",
      "         [-4.5051e-05,  3.3015e-03,  1.6520e-04],\n",
      "         [-1.0511e-05,  1.6520e-04,  2.8089e-03]],\n",
      "\n",
      "        [[ 1.8239e-02, -1.4921e-04, -3.2109e-04],\n",
      "         [-1.4921e-04,  1.8305e-02, -1.6977e-04],\n",
      "         [-3.2109e-04, -1.6977e-04,  1.8631e-02]],\n",
      "\n",
      "        [[ 2.6015e-02,  1.9929e-04, -1.7805e-04],\n",
      "         [ 1.9929e-04,  2.6864e-02,  1.8841e-04],\n",
      "         [-1.7805e-04,  1.8841e-04,  2.2217e-02]],\n",
      "\n",
      "        [[ 1.1577e-02,  2.9935e-05, -9.1162e-05],\n",
      "         [ 2.9935e-05,  1.0822e-02, -6.4645e-05],\n",
      "         [-9.1162e-05, -6.4645e-05,  1.2693e-02]],\n",
      "\n",
      "        [[ 1.8291e-03, -1.5806e-05, -1.2744e-05],\n",
      "         [-1.5806e-05,  1.7862e-03, -6.2843e-05],\n",
      "         [-1.2744e-05, -6.2843e-05,  1.7590e-03]],\n",
      "\n",
      "        [[ 1.0890e-02, -7.7167e-05,  7.3241e-05],\n",
      "         [-7.7167e-05,  1.0646e-02,  1.0381e-04],\n",
      "         [ 7.3241e-05,  1.0381e-04,  9.7848e-03]],\n",
      "\n",
      "        [[ 2.0053e-02,  1.5650e-04,  1.8416e-04],\n",
      "         [ 1.5650e-04,  1.9950e-02,  1.7194e-04],\n",
      "         [ 1.8416e-04,  1.7194e-04,  2.0578e-02]],\n",
      "\n",
      "        [[ 4.2613e-03,  1.3440e-04, -2.0035e-04],\n",
      "         [ 1.3440e-04,  4.0308e-03, -7.4420e-05],\n",
      "         [-2.0035e-04, -7.4419e-05,  4.9411e-03]],\n",
      "\n",
      "        [[ 3.7262e-03,  6.6969e-06,  5.1647e-05],\n",
      "         [ 6.6969e-06,  3.7640e-03, -1.6860e-05],\n",
      "         [ 5.1647e-05, -1.6860e-05,  3.6573e-03]],\n",
      "\n",
      "        [[ 2.3858e-02,  1.4576e-04,  4.9450e-05],\n",
      "         [ 1.4576e-04,  2.4297e-02, -3.1201e-04],\n",
      "         [ 4.9450e-05, -3.1201e-04,  2.3941e-02]],\n",
      "\n",
      "        [[ 1.0253e-02,  1.5945e-04, -1.5074e-04],\n",
      "         [ 1.5945e-04,  9.6431e-03, -3.6287e-04],\n",
      "         [-1.5074e-04, -3.6287e-04,  1.0768e-02]],\n",
      "\n",
      "        [[ 2.0093e-03, -1.1789e-05,  1.5123e-04],\n",
      "         [-1.1789e-05,  2.3581e-03, -5.9709e-06],\n",
      "         [ 1.5123e-04, -5.9709e-06,  1.8323e-03]],\n",
      "\n",
      "        [[ 1.6591e-02,  5.3401e-04, -3.7333e-04],\n",
      "         [ 5.3401e-04,  1.6561e-02, -3.5640e-04],\n",
      "         [-3.7333e-04, -3.5640e-04,  1.6475e-02]],\n",
      "\n",
      "        [[ 2.5351e-02,  8.3603e-04, -5.8660e-05],\n",
      "         [ 8.3603e-04,  2.1578e-02,  5.6789e-04],\n",
      "         [-5.8660e-05,  5.6789e-04,  1.6623e-02]],\n",
      "\n",
      "        [[ 2.1688e-02,  8.8195e-05, -2.2996e-04],\n",
      "         [ 8.8195e-05,  2.1700e-02, -1.1599e-04],\n",
      "         [-2.2996e-04, -1.1599e-04,  2.1945e-02]],\n",
      "\n",
      "        [[ 1.2598e-02, -8.9761e-05, -9.9915e-05],\n",
      "         [-8.9761e-05,  1.1497e-02, -4.9801e-04],\n",
      "         [-9.9915e-05, -4.9801e-04,  1.3274e-02]],\n",
      "\n",
      "        [[ 1.3542e-02,  5.8247e-05, -1.4833e-04],\n",
      "         [ 5.8247e-05,  1.3567e-02, -1.1153e-04],\n",
      "         [-1.4833e-04, -1.1153e-04,  1.4668e-02]],\n",
      "\n",
      "        [[ 6.0302e-03,  5.7367e-05, -7.2588e-04],\n",
      "         [ 5.7367e-05,  7.5531e-03, -1.1769e-04],\n",
      "         [-7.2588e-04, -1.1769e-04,  7.3518e-03]],\n",
      "\n",
      "        [[ 1.6643e-02, -1.5063e-04,  1.0962e-04],\n",
      "         [-1.5063e-04,  1.6810e-02,  2.6064e-05],\n",
      "         [ 1.0962e-04,  2.6064e-05,  1.6659e-02]],\n",
      "\n",
      "        [[ 1.0629e-02,  6.7616e-06,  3.4877e-05],\n",
      "         [ 6.7616e-06,  1.0689e-02,  1.7326e-05],\n",
      "         [ 3.4877e-05,  1.7326e-05,  1.0403e-02]],\n",
      "\n",
      "        [[ 3.2291e-02,  3.4448e-04, -2.6241e-04],\n",
      "         [ 3.4448e-04,  3.1541e-02, -3.8584e-04],\n",
      "         [-2.6241e-04, -3.8584e-04,  3.2997e-02]],\n",
      "\n",
      "        [[ 2.1482e-02,  3.0894e-04,  6.5670e-05],\n",
      "         [ 3.0894e-04,  2.1371e-02,  2.4116e-04],\n",
      "         [ 6.5670e-05,  2.4116e-04,  2.2424e-02]],\n",
      "\n",
      "        [[ 8.3372e-03,  1.8584e-05, -4.5647e-05],\n",
      "         [ 1.8584e-05,  8.3492e-03, -3.9887e-05],\n",
      "         [-4.5647e-05, -3.9887e-05,  6.1595e-03]],\n",
      "\n",
      "        [[ 2.2576e-02,  1.7325e-05, -2.2639e-04],\n",
      "         [ 1.7325e-05,  2.3647e-02,  6.5733e-04],\n",
      "         [-2.2639e-04,  6.5733e-04,  2.3829e-02]],\n",
      "\n",
      "        [[ 1.6130e-03, -9.1511e-06,  7.3457e-05],\n",
      "         [-9.1511e-06,  1.2667e-03,  1.3955e-04],\n",
      "         [ 7.3457e-05,  1.3955e-04,  1.1325e-03]],\n",
      "\n",
      "        [[ 3.5550e-03,  6.7337e-05,  8.5131e-05],\n",
      "         [ 6.7337e-05,  3.6163e-03,  9.8485e-05],\n",
      "         [ 8.5131e-05,  9.8485e-05,  2.7630e-03]],\n",
      "\n",
      "        [[ 2.2602e-03, -1.8588e-04, -1.1620e-04],\n",
      "         [-1.8588e-04,  2.1519e-03, -1.6874e-04],\n",
      "         [-1.1620e-04, -1.6874e-04,  1.7774e-03]],\n",
      "\n",
      "        [[ 1.3638e-02, -4.7859e-04, -6.4210e-04],\n",
      "         [-4.7859e-04,  1.3356e-02, -6.3310e-04],\n",
      "         [-6.4210e-04, -6.3310e-04,  1.3408e-02]],\n",
      "\n",
      "        [[ 7.1575e-03,  4.3292e-05, -2.9733e-04],\n",
      "         [ 4.3292e-05,  7.2959e-03, -1.9862e-04],\n",
      "         [-2.9733e-04, -1.9862e-04,  7.0948e-03]],\n",
      "\n",
      "        [[ 2.0267e-02,  1.2572e-05, -3.0669e-04],\n",
      "         [ 1.2572e-05,  1.9784e-02, -3.7585e-04],\n",
      "         [-3.0669e-04, -3.7585e-04,  1.9633e-02]],\n",
      "\n",
      "        [[ 8.5416e-03, -3.1106e-04, -3.4074e-04],\n",
      "         [-3.1106e-04,  9.4655e-03, -6.7220e-04],\n",
      "         [-3.4074e-04, -6.7220e-04,  1.0194e-02]],\n",
      "\n",
      "        [[ 1.5323e-02,  1.1317e-04, -1.0800e-04],\n",
      "         [ 1.1317e-04,  1.6349e-02, -9.6132e-05],\n",
      "         [-1.0800e-04, -9.6132e-05,  1.5984e-02]],\n",
      "\n",
      "        [[ 1.3496e-02,  1.5949e-04, -1.5721e-04],\n",
      "         [ 1.5949e-04,  1.3382e-02, -3.7464e-04],\n",
      "         [-1.5721e-04, -3.7464e-04,  1.4116e-02]],\n",
      "\n",
      "        [[ 6.5695e-03, -1.5050e-04, -5.5818e-04],\n",
      "         [-1.5050e-04,  6.5533e-03, -6.1466e-04],\n",
      "         [-5.5818e-04, -6.1466e-04,  5.4853e-03]],\n",
      "\n",
      "        [[ 8.1550e-03,  4.6876e-05, -5.7730e-05],\n",
      "         [ 4.6876e-05,  7.5232e-03, -2.4091e-05],\n",
      "         [-5.7730e-05, -2.4091e-05,  8.0593e-03]],\n",
      "\n",
      "        [[ 2.1842e-02, -2.0784e-04,  1.7137e-04],\n",
      "         [-2.0784e-04,  2.1218e-02,  3.9734e-04],\n",
      "         [ 1.7137e-04,  3.9734e-04,  2.1366e-02]],\n",
      "\n",
      "        [[ 1.5775e-02, -5.6317e-05, -9.1365e-05],\n",
      "         [-5.6317e-05,  1.5729e-02, -8.0326e-06],\n",
      "         [-9.1365e-05, -8.0327e-06,  1.1952e-02]],\n",
      "\n",
      "        [[ 1.7798e-02, -1.7674e-04,  1.8595e-04],\n",
      "         [-1.7674e-04,  1.6903e-02,  5.2032e-04],\n",
      "         [ 1.8595e-04,  5.2032e-04,  1.7195e-02]],\n",
      "\n",
      "        [[ 9.7334e-03, -2.9209e-05, -2.1094e-04],\n",
      "         [-2.9209e-05,  9.8830e-03, -7.6293e-05],\n",
      "         [-2.1094e-04, -7.6293e-05,  7.2385e-03]],\n",
      "\n",
      "        [[ 1.3852e-02,  8.7738e-05, -2.6166e-04],\n",
      "         [ 8.7738e-05,  1.3551e-02, -5.5506e-04],\n",
      "         [-2.6166e-04, -5.5506e-04,  1.4986e-02]],\n",
      "\n",
      "        [[ 2.8539e-04,  4.2925e-06,  8.8352e-05],\n",
      "         [ 4.2926e-06,  1.9554e-04,  5.6686e-05],\n",
      "         [ 8.8352e-05,  5.6686e-05, -8.6618e-06]],\n",
      "\n",
      "        [[ 6.9667e-03, -1.8089e-04,  4.8060e-04],\n",
      "         [-1.8089e-04,  7.2818e-03,  2.4329e-04],\n",
      "         [ 4.8060e-04,  2.4329e-04,  5.2530e-03]],\n",
      "\n",
      "        [[ 1.6030e-02, -9.5892e-06, -3.6221e-05],\n",
      "         [-9.5892e-06,  1.5952e-02, -1.4537e-04],\n",
      "         [-3.6221e-05, -1.4537e-04,  1.6676e-02]],\n",
      "\n",
      "        [[ 5.4094e-03,  2.2578e-05,  6.5369e-05],\n",
      "         [ 2.2578e-05,  5.6808e-03,  2.6128e-05],\n",
      "         [ 6.5369e-05,  2.6128e-05,  5.5519e-03]],\n",
      "\n",
      "        [[ 6.8661e-03, -1.6258e-05,  3.7787e-05],\n",
      "         [-1.6258e-05,  7.7749e-03, -1.5401e-04],\n",
      "         [ 3.7787e-05, -1.5401e-04,  7.7625e-03]],\n",
      "\n",
      "        [[ 1.6823e-02, -2.3920e-04, -1.2449e-04],\n",
      "         [-2.3920e-04,  1.6604e-02, -2.4940e-04],\n",
      "         [-1.2449e-04, -2.4940e-04,  1.7395e-02]],\n",
      "\n",
      "        [[ 2.0451e-03,  8.6036e-05,  8.5110e-05],\n",
      "         [ 8.6036e-05,  1.3331e-03,  1.2389e-04],\n",
      "         [ 8.5110e-05,  1.2389e-04,  1.9107e-03]],\n",
      "\n",
      "        [[ 1.3660e-02,  2.8615e-04, -4.8012e-04],\n",
      "         [ 2.8615e-04,  1.6807e-02, -2.6753e-04],\n",
      "         [-4.8012e-04, -2.6753e-04,  1.4862e-02]]], device='cuda:0'))\n"
     ]
    }
   ],
   "source": [
    "print(model_out)"
   ]
  }
 ],
 "metadata": {
  "kernelspec": {
   "display_name": "odefed_mdgen",
   "language": "python",
   "name": "python3"
  },
  "language_info": {
   "codemirror_mode": {
    "name": "ipython",
    "version": 3
   },
   "file_extension": ".py",
   "mimetype": "text/x-python",
   "name": "python",
   "nbconvert_exporter": "python",
   "pygments_lexer": "ipython3",
   "version": "3.10.16"
  }
 },
 "nbformat": 4,
 "nbformat_minor": 5
}
